       1948        2020
1948 5635.709 5535.104 5510.064 5613.100 5701.484 5796.500 5867.323 5872.064 5829.767 5761.452 5627.900 5548.258
1949 5491.097 5519.429 5563.677 5696.700 5705.807 5782.433 5884.936 5878.129 5830.733 5711.355 5786.733 5578.839
1950 5505.839 5632.107 5584.355 5649.433 5683.484 5787.033 5880.032 5879.742 5791.267 5781.677 5721.900 5685.291
1951 5571.258 5589.143 5568.968 5641.333 5712.613 5767.933 5894.291 5868.226 5833.767 5721.161 5658.433 5551.064
1952 5563.645 5571.138 5506.807 5680.667 5741.677 5793.400 5906.484 5895.355 5856.033 5833.193 5632.500 5600.548
1953 5668.871 5591.250 5596.419 5596.733 5642.193 5790.833 5917.355 5874.613 5858.233 5765.064 5707.700 5633.258
1954 5607.387 5694.571 5552.581 5698.467 5742.936 5777.533 5912.807 5858.807 5815.667 5777.484 5737.800 5655.613
1955 5562.742 5538.821 5576.645 5590.400 5694.000 5786.600 5862.807 5904.291 5821.167 5782.871 5639.067 5619.484
1956 5600.000 5525.517 5607.677 5623.967 5733.968 5828.067 5890.161 5859.677 5853.667 5726.355 5710.700 5672.258
1957 5535.613 5633.321 5580.161 5605.300 5672.936 5803.600 5883.581 5875.742 5819.600 5706.419 5620.233 5659.871
1958 5622.129 5603.429 5513.581 5603.900 5766.807 5800.100 5857.000 5907.452 5822.800 5788.839 5680.433 5707.097
1959 5606.064 5550.143 5611.581 5664.233 5672.677 5828.000 5910.709 5865.742 5772.000 5740.387 5721.800 5661.516
1960 5560.064 5522.724 5632.709 5652.500 5705.000 5832.433 5911.387 5863.161 5846.200 5737.193 5668.100 5655.193
1961 5679.548 5610.750 5563.742 5620.467 5701.645 5844.967 5897.355 5904.032 5750.967 5723.258 5639.400 5572.258
1962 5628.645 5556.571 5540.291 5700.167 5679.419 5790.433 5867.419 5875.742 5822.167 5783.064 5703.967 5690.193
1963 5579.226 5657.714 5564.645 5580.067 5739.193 5747.200 5873.193 5881.709 5855.733 5793.387 5686.100 5668.774
1964 5569.774 5557.069 5529.548 5601.933 5698.419 5762.400 5899.581 5860.839 5801.900 5806.355 5631.633 5565.839
1965 5625.064 5587.500 5553.419 5620.433 5655.709 5747.967 5882.258 5859.903 5736.933 5821.871 5670.300 5605.226
1966 5571.677 5541.571 5636.258 5648.033 5755.613 5797.333 5885.419 5876.807 5826.967 5755.129 5683.200 5614.774
1967 5604.742 5615.321 5584.613 5540.033 5702.419 5745.867 5902.452 5905.774 5821.333 5770.452 5677.933 5536.903
1968 5575.484 5600.965 5581.097 5566.833 5658.742 5781.067 5886.548 5820.742 5775.833 5713.742 5610.400 5509.774
1969 5563.323 5527.321 5574.419 5646.300 5752.839 5750.933 5889.645 5892.936 5824.667 5659.871 5704.433 5622.516
1970 5583.871 5641.821 5551.226 5559.600 5727.516 5800.267 5897.581 5898.419 5780.567 5694.064 5661.633 5566.968
1971 5600.581 5561.857 5586.484 5617.700 5667.355 5789.800 5886.968 5897.548 5772.467 5691.645 5647.300 5534.903
1972 5579.258 5610.655 5650.709 5624.067 5716.032 5808.767 5881.581 5865.064 5782.567 5707.291 5604.667 5564.774
1973 5574.839 5597.179 5529.516 5597.767 5738.097 5789.767 5867.000 5863.064 5773.233 5716.000 5567.500 5586.613
1974 5515.291 5553.607 5563.258 5585.433 5688.677 5825.533 5875.742 5845.355 5809.267 5736.387 5641.500 5556.291
1975 5562.258 5526.286 5510.226 5509.867 5652.774 5753.900 5887.129 5852.871 5827.300 5705.291 5628.333 5643.484
1976 5625.064 5596.207 5533.452 5592.033 5729.807 5772.033 5888.387 5851.774 5815.333 5745.871 5716.667 5661.516
1977 5597.839 5645.357 5522.193 5678.867 5640.258 5844.333 5888.226 5871.000 5797.167 5767.258 5665.800 5620.613
1978 5597.709 5583.286 5644.161 5613.200 5675.291 5807.067 5878.516 5864.452 5795.300 5795.000 5646.667 5553.968
1979 5526.000 5577.929 5604.807 5630.067 5716.355 5819.733 5891.097 5859.677 5858.567 5766.000 5632.167 5686.032
1980 5584.645 5624.172 5544.613 5656.533 5663.258 5796.233 5899.484 5842.355 5823.067 5765.839 5711.633 5722.645
1981 5665.709 5629.643 5575.709 5683.167 5680.839 5827.900 5889.709 5885.548 5831.533 5692.581 5690.367 5629.323
1982 5561.516 5597.750 5553.613 5613.400 5689.097 5766.567 5865.677 5903.452 5788.600 5710.807 5619.600 5601.291
1983 5640.097 5584.607 5549.645 5559.933 5680.064 5769.533 5871.839 5904.161 5830.333 5761.968 5615.867 5563.742
1984 5653.291 5612.793 5593.419 5593.933 5753.839 5769.767 5896.291 5889.387 5814.900 5647.871 5630.167 5576.807
1985 5613.226 5571.107 5568.581 5685.033 5721.936 5838.400 5912.645 5873.839 5760.267 5725.258 5568.900 5676.452
1986 5707.936 5593.000 5659.677 5636.067 5708.742 5840.833 5865.291 5897.548 5729.667 5724.000 5672.433 5646.839
1987 5596.613 5586.929 5579.258 5714.167 5728.226 5840.300 5838.419 5868.613 5833.700 5793.484 5668.700 5570.097
1988 5603.613 5654.552 5599.064 5664.433 5706.645 5848.200 5910.000 5871.355 5805.433 5808.387 5619.467 5624.161
1989 5613.097 5578.679 5632.871 5691.467 5709.419 5790.933 5913.903 5844.161 5807.500 5736.032 5700.567 5667.193
1990 5596.419 5576.214 5619.581 5669.867 5676.774 5815.200 5886.032 5873.193 5855.300 5760.516 5684.567 5559.355
1991 5615.258 5677.750 5533.903 5589.900 5651.709 5773.733 5894.677 5896.774 5834.300 5751.936 5666.567 5655.871
1992 5647.839 5629.552 5615.064 5707.200 5763.129 5780.200 5849.323 5891.677 5818.967 5761.032 5629.733 5576.161
1993 5574.097 5550.750 5664.064 5631.600 5737.645 5762.267 5822.000 5858.548 5814.233 5747.548 5640.933 5639.387
1994 5646.484 5566.321 5660.032 5647.733 5729.677 5843.400 5894.032 5905.291 5833.033 5699.581 5585.900 5631.355
1995 5593.226 5678.714 5593.742 5601.767 5651.645 5758.600 5876.452 5881.548 5824.800 5753.645 5726.300 5643.129
1996 5592.258 5615.345 5615.968 5663.733 5709.742 5835.533 5910.193 5895.677 5779.733 5716.871 5671.600 5607.129
1997 5603.613 5581.179 5668.807 5605.967 5758.452 5789.933 5869.774 5891.709 5831.633 5727.387 5655.167 5616.645
1998 5592.064 5526.357 5583.968 5606.600 5674.774 5750.200 5911.871 5915.581 5813.600 5715.903 5653.867 5638.968
1999 5629.774 5617.893 5614.032 5592.033 5689.903 5789.733 5888.291 5881.097 5812.200 5807.709 5755.667 5663.258
2000 5621.032 5626.414 5616.258 5699.667 5745.968 5836.100 5894.742 5901.645 5819.333 5720.742 5600.900 5665.161
2001 5618.129 5570.500 5630.968 5632.533 5780.000 5828.767 5885.032 5910.807 5843.200 5774.000 5688.367 5595.387
2002 5603.645 5656.036 5588.323 5667.500 5715.452 5830.433 5927.291 5871.581 5807.433 5700.839 5699.067 5605.032
2003 5724.903 5557.964 5608.742 5613.500 5735.000 5803.200 5939.774 5912.258 5838.100 5806.903 5618.633 5627.774
2004 5615.742 5567.828 5704.291 5662.933 5720.936 5818.567 5887.484 5869.000 5792.900 5699.419 5670.500 5655.161
2005 5638.968 5619.250 5604.839 5648.400 5726.871 5762.700 5919.548 5881.807 5812.233 5755.677 5704.600 5643.419
2006 5624.645 5622.500 5549.742 5662.900 5757.226 5863.133 5928.839 5876.581 5801.200 5728.613 5678.300 5660.645
2007 5616.161 5606.679 5681.548 5664.100 5744.677 5837.833 5928.871 5895.903 5812.767 5748.000 5726.967 5578.291
2008 5561.291 5598.517 5612.581 5627.767 5688.581 5811.200 5904.064 5885.871 5829.433 5774.871 5730.500 5587.258
2009 5681.226 5601.286 5599.452 5632.667 5767.484 5775.067 5904.871 5876.419 5856.300 5680.064 5703.767 5565.258
2010 5619.936 5569.179 5616.677 5606.433 5650.903 5813.467 5890.903 5864.742 5842.267 5766.677 5642.533 5626.677
2011 5640.000 5557.607 5606.613 5608.933 5660.871 5780.067 5884.839 5902.000 5852.767 5761.709 5650.367 5649.291
2012 5666.903 5578.793 5631.613 5681.267 5733.677 5826.400 5910.484 5913.226 5861.567 5755.452 5717.867 5571.677
2013 5624.387 5579.714 5650.839 5637.033 5730.548 5842.367 5916.516 5897.871 5807.133 5707.807 5694.767 5626.677
2014 5677.548 5596.571 5634.484 5652.567 5737.129 5795.733 5924.742 5868.226 5838.567 5789.992 5688.308 5626.581
2015 5705.871 5672.446 5710.291 5649.750 5701.605 5865.858 5872.258 5899.605 5847.858 5784.419 5627.358 5575.177
2016 5614.443 5693.948 5623.395 5677.750 5713.307 5883.475 5902.564 5882.798 5826.367 5760.895 5715.433 5607.702
2017 5577.855 5607.402 5683.791 5651.233 5730.371 5847.683 5933.814 5900.089 5806.142 5762.436 5721.183 5697.952
2018 5687.234 5578.081 5608.605 5682.158 5740.823 5835.500 5944.976 5897.750 5841.150 5724.073 5676.025 5621.887
2019 5637.693 5506.411 5612.459 5678.008 5658.436 5812.800 5903.452 5905.814 5816.100 5703.943 5695.125 5625.113
2020 5625.524 5619.931 5607.734 5660.817 5755.177 -999.999 -999.999 -999.999 -999.999 -999.999 -999.999 -999.999
 -999.999